1321
4731
2055
3445
3045
4655
3563
4097
137
4725
3585
4563
1111
4847
1219
3169
4211
1163
2115
3201
3807
2523
3931
4177
29
4941
1275
2731
117
383
3917
2021
3245
2593
2117
4169
929
4643
3755
3443
2427
1483
2441
1957
85
1007
4187
3789
4759
1001
1645
3677
23
421
4425
3477
4339
2901
815
1069
1643
3643
4793
2101
4267
2017
4887
3619
247
1637
1267
987
3023
469
4717
3091
2707
529
2133
637
1071
4647
3963
2537
3215
4987
2105
3885
295
3953
2259
1325
4011
1831
529
2233
2217
2727
609
283
1217
4101
3853
3863
4403
3601
1569
2191
4265
2791
1381
4141
1657
2487
4831
2909
2495
2475
3659
3787
2925
3503
1261
4889
4205
2463
2811
301
1513
3165
1185
409
3271
4493
3747
891
2981
3447
2305
4029
3977
2477
4213
1727
3815
3151
4397
3529
161
2619
3347
927
1843
2793
3437
2673
761
1851
4147
2053
2145
3343
4069
4187
2935
4169
877
1113
4869
889
4779
543
3139
3835
3717
2833
1861
1801
4751
3717
3941
1225
3593
133
1507
651
2731
4331
3485
1821
4879
1641
4447
825
2323
4925
1139
3525
3653
2077
125
4343
49
1457
589
2031
2179
269
4189
45
4081
2971
1169
2497
4949
3269
4335
3495
2935
3027
4741
2195
1839
4101
4819
745
2771
3783
4467
427
665
3127
2341
1875
4333
3655
3983
4631
2075
4273
4561
3729
3145
1907
2577
1475
1091
4559
4467
3339
1783
1487
3987
4567
4877
799
1113
2439
4945
1985
3013
377
2295
3651
1059
2059
681
4319
1975
3619
4927
4255
227
4451
4299
3715
3365
4013
3939
767
403
1387
3433
1505
1137
379
79
2311
1375
4549
3049
2405
57
3739
2129
831
1981
4751
3131
1383
4759
3533
2379
3301
2679
4943
221
2785
2787
1461
3463
3733
2677
3795
4851
3625
4155
4809
3021
4023
4755
1321
2837
2351
475
3429
4383
1685
3591
3371
4347
2819
1691
2459
1121
681
3757
3565
2309
1645
4939
3349
815
4673
215
331
3289
1449
3199
4907
3599
251
3289
1019
4011
1299
3805
2235
4525
4959
3015
4903
3449
4923
1149
1205
3227
339
2809
3567
2127
2079
2697
3391
113
4821
1873
2937
367
2265
355
2041
85
2221
2377
1337
879
4223
1417
59
1087
2159
3017
813
3185
3107
2347
1303
887
549
4917
4131
1891
2371
2943
2331
2675
3521
1657
1199
4541
95
4623
3893
1707
821
2595
2437
575
861
1001
1587
1729
819
2419
1987
2181
951
1035
3439
281
3151
4233
911
3569
4721
2187
1617
1083
4911
1625
2909
4027
1577
1617
2823
2887
3895
3633
3529
2833
3279
3643
343
2163
2607
37
3203
1843
2677
3755
385
2785
1939
343
2013
1301
4163
1695
2971
1469
4501
1939
4041
1667
801
387
529
2711
2771
1049
1213
4547
4713
4243
4855
1325
447
611
2271
2133
4749
763
149
3177
1361
2463
3277
243
2615
3719
1623
4859
4301
2179
1317
1073
1603
135
2427
3023
4711
497
871
423
1369
627
4393
3623
1395
2189
4919
4045
2013
887
2127
4721
285
357
2355
1703
3385
4773
2369
2275
3697
1333
4915
4977
4983
4501
1031
3155
1645
305
2327
2905
4083
3613
1627
4803
3467
2957
1899
489
763
3513
3755
2007
587
2425
3001
2271
1741
1511
3593
221
4923
2701
3549
75
641
89
1895
2711
3553
4489
2187
4731
533
535
963
3617
3271
249
2199
411
3801
3205
981
2415
1233
781
899
4625
2777
961
1603
587
4617
3031
4965
1453
3015
867
3799
2945
4483
4347
4857
2783
2417
721
669
3853
1285
3183
4747
3269
1069
457
331
4153
1601
1309
3433
4911
2069
333
3425
45
3347
4511
1077
2271
1707
1961
1433
2111
1367
3569
1587
197
4553
3815
2657
2267
4495
2937
2073
1153
1815
4791
4575
4217
247
4077
1973
1033
1883
2757
1705
2947
4927
4797
1307
1731
947
2493
881
1345
4829
2037
2291
2839
1035
417
2649
4861
4155
2631
4117
2191
3533
2767
621
4429
255
3753
4371
279
2697
1485
1853
3749
3985
1699
963
773
31
947
4909
4227
3545
4053
3441
1157
1873
355
3315
1827
3869
1667
2179
4505
4587
4765
3211
547
3785
893
947
321
4663
171
3411
2021
1691
4299
1709
1565
1267
957
2455
3875
623
2273
989
4333
955
2053
4331
4369
481
3867
2111
4991
347
4893
289
3771
4349
4903
119
861
2625
1793
2205
873
1893
3417
4901
2323
4853
2899
3421
1335
2843
1757
919
3123
4225
4901
1009
495
1199
547
3665
1917
2779
1097
329
4541
2147
3513
415
1195
2043
251
1355
3533
833
1215
3319
4087
1109
837
4743
4299
697
3461
2917
1435
1679
4041
1327
1765
4817
4125
519
1989
4463
745
11
2705
3975
2773
217
1981
863
985
447
167
435
3701
1809
619
2757
609
1307
75
937
2345
2463
495
4189
2375
2293
3033
2383
1645
763
897
987
4461
9
4987
1879
1221
4181
1735
1627
163
4897
799
2373
2721
27
519
4463
3733
13
3269
3215
2801
2039
103
4381
605
3075
973
3689
2413
3515
4553
1781
283
4737
817
4899
3125
3529
3311
4875
1089
205
4547
4041
4545
2239
3291
3427
3469
4353
1653
4777
579
3689
3085
1007
471
519
4359
3887
4659
1589
1041
1729
1753
1949
1409
637
3723
1877
4715
2803
4411
4181
4589
2727
4737
4781
2951
465
575
1181
3221
4021
2857
2461
3955
3373
4299
4371
1395
927
703
1471
2501
3311
4417
905
3611
2339
955
979
1569
4995
1561
3803
4395
2207
3293
2889
2141
215
1639
2893
1267
1169
2029
1001
4757
3157
1597
2791
1033
1965
321
1483
4089
1979
183
2671
2767
3333
3603
3613
1727
4263
4077
4151
951
3815
1815
867
197
3747
4331
1405
3541
3481
723
1453
367
2627
105
3511
3497
4989
3941
4025
397
3989
801
3
3803
1359
1633
173
2399
2977
1339
3213
1875
1713
745
3769
4357
361
4771
1525
3305
1851
123
4925
3503
4295
3829
315
3399
745
237
465
487
87
801
133
3769
2009
1925
117
1895
1817
1753
1211
3557
2969
3139
1921
3427
3701
3319
2383
1747
1195
749
3279
1501
615
4089
4773
3249
1791
1257
2469
2175
3865
1943
363
1181
3395
1095
729
2413
4771
2763
2081
3311
1475
1821
1091
2677
207
1967
3829
3279
3691
3345
4925
4299
4785
4551
2207
2305
3339
3193
347
4209
1579
4901
3629
1619
83
861
613
1367
2463
1361
3649
283
4413
3609
631
729
1717
4419
3317
4639
4641
3911
4609
2367
3809
4821
1155
103
1969
3221
631
1389
287
993
761
995
993
4609
193
4691
4345
881
859
1777
3039
2305
695
4273
3691
79
1953
3589
2665
3033
2605
615
3663
3261
2879
141
2341
3109
1645
2397
4241
2785
491
3169
4039
4449
3127
989
1111
4203
2343
3475
4911
1505
1815
2769
1787
1635
4745
1299
4777
2695
1361
4725
2173
4327
4615
1789
313
1993
1381
879
3223
3149
969
4023
4423
2897
1999
2695
3079
1907
665
1683
3163
369
3385
2301
3841
2339
1375
1805
3159
3289
1819
2601
491
969
2001
4121
2461
915
1745
501
4029
4787
4745
2451
4025
2957
4745
409
1527
4623
4621
2413
2515
4099
609
3101
673
2573
2623
11
2027
1527
953
4619
3315
797
537
2171
2307
289
4919
2213
4525
969
3369
3789
1901
3615
1765
3729
987
2907
4739
3103
2211
2169
4399
3265
2045
4957
4321
1815
2383
4201
1621
2189
3389
3259
4727
683
3633
4535
3383
3999
1343
1751
697
3679
4571
629
1947
1227
2725
3709
1487
1981
2287
3141
4131
963
2993
4779
1795
4005
3563
4045
167
57
3643
3447
2429
1123
1079
2293
3935
619
1265
1663
855
4109
461
2287
1941
1475
2907
4405
4029
793
4607
4229
2835
4171
3013
4715
101
3723
3241
3629
3991
2079
701
403
2269
4219
2459
235
135
2441
2193
589
981
4029
2437
3489
4931
3919
2927
1593
4267
2601
4599
2107
4809
3097
1493
2317
2225
2025
1103
4995
3317
3865
3731
1349
2719
2081
91
1443
4757
485
4087
2115
3429
4885
495
3339
509
2095
719
4157
1355
4277
3187
577
2059
4529
3957
4409
3965
847
157
1709
3083
4601
821
4525
1185
3219
193
687
809
3329
3461
3997
459
951
2949
943
893
993
3495
2627
3987
3909
1527
1073
531
793
1145
2535
789
3781
393
1465
1843
905
71
1467
3349
2173
299
2403
1729
79
3343
3843
7
2629
2367
4597
217
825
2687
4065
3277
2099
3707
779
2951
177
2281
1819
413
1557
3941
1227
2641
2309
3429
2369
51
3555
4585
2105
1657
275
4683
2361
3765
1047
1631
4001
557
4577
4915
957
3031
4579
327
2547
3229
1109
3931
2763
4811
305
531
387
3577
4075
3249
1599
2069
1095
219
775
387
399
2621
4691
4441
415
601
1103
1845
527
3105
1099
1501
2919
3001
3825
873
1723
465
1413
147
1703
4495
2747
4861
4313
1595
4309
789
1777
271
715
4201
1149
3883
1949
4171
2669
3783
2775
2877
3659
3195
245
873
2185
1383
3301
2745
3441
2249
83
439
3251
3861
1947
3885
2479
4265
1841
2437
4393
2431
1833
1129
1131
413
1887
4355
2547
1541
677
4019
973
4987
2263
415
3629
4705
1587
4535
4947
2679
3801
319
611
3119
943
189
2173
4469
2635
1645
4707
3887
2757
3629
4131
3355
1457
225
1127
2225
3427
1779
3457
21
535
3073
2179
2505
2427
1677
337
2521
2361
1253
2435
1573
2811
2401
417
4985
1815
945
501
4065
47
753
729
3025
1405
2883
1271
1273
931
1053
3705
3621
4339
103
1297
101
3701
1239
1665
1939
3921
1121
4993
4025
1045
793
1803
87
3481
1067
3267
4323
699
1621
997
3069
1835
379
2815
4137
47
639
1539
517
2861
43
3889
1539
3969
4367
2453
651
227
1717
1761
3675
2725
743
1197
379
4127
4545
4135
4413
2081
2361
639
3
2143
1907
217
3141
4785
1201
1619
2955
2357
3631
1015
1293
1717
723
1187
1957
1955
4713
2401
3649
1313
3059
3529
5
1901
271
971
409
1725
807
2145
4251
2563
843
385
1551
269
4825
3961
397
333
1133
377
4099
4789
2749
1345
4431
1129
3933
4887
2413
837
1499
4839
4373
949
4675
1735
1571
3503
4981
2031
4933
2561
661
4823
2183
2975
4387
4071
3123
947
759
3983
927
4965
519
4399
3361
2255
4071
959
1785
1601
2603
2039
4141
1591
227
2113
497
2455
3889
2631
4061
499
3061
1603
149
3135
3679
649
4047
4521
4175
305
1337
1965
2201
4785
4975
4981
4871
999
4629
255
3279
4201
3569
1669
2433
2547
2885
97
4485
2425
3823
2637
951
2423
1355
3235
4315
3919
3917
2849
2989
1131
1149
4725
4529
2163
2365
4499
2503
4431
739
2339
2901
4069
1587
2315
1103
4801
615
4031
201
3585
1247
3593
1583
2883
2815
4443
4823
2747
2651
3639
581
2633
4231
497
2863
327
511
893
1091
2817
755
841
289
4589
3215
2375
4155
3271
2093
3777
1517
247
3343
3509
1453
2479
4523
295
4799
2671
2539
4691
1871
4577
4019
4167
3465
199
4987
4295
4383
2223
2297
4119
675
1061
1257
1179
2983
1089
4067
3501
159
1595
2521
3743
1433
2393
4839
4911
4721
3303
2369
841
4059
2253
2995
2341
3719
1499
4957
4237
2799
2847
4761
1625
3399
2227
4547
1461
687
415
4305
4027
2407
4175
2255
2969
4219
4007
2591
919
2739
3697
2269
4813
4729
4937
4525
4437
2207
1225
1295
713
3727
403
1511
2521
3387
3481
3109
2835
3285
2637
2345
2431
3223
2693
2183
1309
1147
1435
1429
407
4391
579
1265
1387
3593
3437
633
1727
261
4837
247
4707
3157
3901
3301
3139
3089
255
2449
1059
1221
4687
3029
3429
2757
589
2923
813
1411
893
4167
467
1129
1255
4359
4265
4077
2413
1747
53
1651
4947
3639
3
463
3209
997
2977
4525
851
2727
4415
3265
3729
4705
137
627
3907
4989
2081
2905
3339
2411
4997
4235
1363
2927
1793
3121
4727
1645
2435
4679
3899
677
4815
2861
1843
1049
1793
2547
1417
1637
1821
3021
909
1363
4659
3355
2009
3931
157
127
2561
315
3753
69
3437
1309
1609
3777
437
477
2797
3957
4699
1487
4309
1963
3119
349
4345
2205
4411
879
3237
1445
4843
1109
2011
3913
725
4729
2627
1151
509
4393
1619
3111
3147
4499
4727
961
4755
1463
4229
597
3691
2751
2559
4945
4233
4175
2183
3483
2433
3311
447
4497
3363
4949
1081
3483
2929
3627
1177
4927
1241
2809
4309
3937
3949
1007
2997
3955
3877
61
4051
1603
1177
2359
4651
1503
4559
2453
3689
4391
4543
4237
265
4293
1589
3143
1515
3439
4317
2949
1079
557
2545
1697
459
3545
4331
3757
4999
2371
1945
2725
2241
1779
2557
745
1739
3597
533
1263
1651
233
2593
2787
1297
4435
4349
2019
1825
2959
4179
1703
2057
1051
3119
3575
947
3487
3267
1709
1379
1307
2735
4109
3791
745
2003
481
2271
215
1685
3937
4045
1295
1169
2309
4135
4705
3319
373
1759
865
3735
4563
1009
449
4545
803
3383
4609
4295
4441
1321
2115
1137
873
519
4047
3555
833
1625
3627
4171
2845
619
573
1105
2911
1453
343
4309
1655
743
3359
307
3499
69
131
4051
2387
3489
4217
3011
709
4967
2757
2959
1387
2213
4281
4153
2337
4339
4481
3151
549
4031
2381
4549
1899
1863
3445
237
1897
3779
183
4173
1989
4105
2383
859
2715
61
3313
253
4501
1501
395
985
659
4429
293
3963
4919
1789
3489
3899
2485
3745
1215
441
2065
4939
2331
649
4885
2039
3427
3659
1765
4127
913
3897
425
2621
405
2451
1087
3621
3451
2535
35
677
557
2035
4171
4837
4741
3013
971
3517
2273
213
1495
805
3809
2841
3091
3283
251
3799
3787
4935
133
4541
1763
3253
575
3349
2787
1757
3325
2739
4575
251
1047
1457
2589
1485
3747
3293
735
2653
2115
3491
4927
367
4121
4783
1067
2677
671
3983
473
4521
2837
1067
3191
2591
41
4273
1595
3039
4591
2409
3075
889
4723
2753
2479
3641
2391
563
4915
3411
3635
3635
91
1235
2507
97
293
1633
1805
4395
831
3389
1187
683
3675
4941
4645
2553
977
3103
237
3811
13
2009
4823
2123
2855
4971
2107
3197
4461
3785
3593
175
1725
1915
2841
231
397
4513
1733
3045
3801
469
2831
3519
4021
1367
817
2033
3865
2919
709
3935
1323
1291
2965
611
4839
4921
2637
2267
147
1527
3931
167
1989
4027
183
2859
2165
2153
2753
1553
4051
1749
4101
4737
1517
173
1677
1547
229
2779
2033
357
581
2903
1521
4909
1995
4061
2791
1183
4725
971
1111
553
2961
2225
4629
1757
4665
2403
787
4713
547
873
1453
